2023-07-03 13:52:52,323 CRIT Supervisor is running as root.  Privileges were not dropped because no user is specified in the config file.  If you intend to run as root, you can set user=root in the config file to avoid this message.
2023-07-03 13:52:52,326 INFO supervisord started with pid 7
2023-07-03 13:52:53,328 INFO spawned: 'nginx' with pid 10
2023-07-03 13:52:53,329 INFO spawned: 'app' with pid 11
2023-07-03 13:52:54,348 INFO success: nginx entered RUNNING state, process has stayed up for > than 1 seconds (startsecs)
2023-07-03 13:52:54,348 INFO success: app entered RUNNING state, process has stayed up for > than 1 seconds (startsecs)
[CTRL] POST /setup
[Time: 03.07.23 13:52:56] [Level: info] id: d5bf6f6f3fb5e233
[Time: 03.07.23 13:52:56] [Level: info] coordinator: True
[Time: 03.07.23 13:52:56] [Level: info] clients: ['d5bf6f6f3fb5e233']
[Time: 03.07.23 13:52:56] [Level: info] state: initial
[CLIENT] Parsing parameter file...
[API] /setup parsing parameter file 
[API] /setup config file found ... parsing file: /mnt/input/config.yaml
YAML file does not follow specification: missing key: eigenvalues
Setting default: eigenvalues.tsv
YAML file does not follow specification: missing key: explained_variance
Setting default: eigenvalues.tsv
YAML file does not follow specification: missing key: output delimiter
Setting default: tab
YAML file does not follow specification: missing key: inertia
Setting default: inertia.tsv
YAML file does not follow specification: missing key: global_factor_score
Setting default: global_factor_score.tsv
YAML file does not follow specification: missing key: omic_factor_score
Setting default: omic_factor_score.tsv
YAML file does not follow specification: missing key: projection_matrix
Setting default: projection_matrix.tsv
[API] /setup config file found ... parsing done
[CLIENT] finished parsing parameter file.
[STARTUP] Instantiate SVD
[Time: 03.07.23 13:52:56] [Level: info] transition: init_pca
[Time: 03.07.23 13:52:57] [Level: info] state: init_pca
[STARTUP] Copy configuration and create dir
/mnt/input/data_wine_full_all_omics.csv
TEST: ['/mnt/input/data_wine_full_all_omics.csv']
[STARTUP] Configuration copied
out {'Row names': array(['fruity', 'woody', 'coffee', 'red_fruit', 'roasted', 'vanillin',
       'woody_2', 'fruity_2', 'butter', 'woody_3'], dtype=object), 'Sample count': 6, 'Nans': array([0, 0, 0, 0, 0, 0, 0, 0, 0, 0])}
[Time: 03.07.23 13:52:57] [Level: info] transition: check_row_names
[Time: 03.07.23 13:52:58] [Level: info] state: check_row_names
gathering
unifying row names
[{'Row names': array(['fruity', 'woody', 'coffee', 'red_fruit', 'roasted', 'vanillin',
       'woody_2', 'fruity_2', 'butter', 'woody_3'], dtype=object), 'Sample count': 6, 'Nans': array([0, 0, 0, 0, 0, 0, 0, 0, 0, 0])}]
['fruity', 'woody', 'coffee', 'red_fruit', 'roasted', 'vanillin', 'woody_2', 'fruity_2', 'butter', 'woody_3']
['red_fruit', 'roasted', 'vanillin', 'woody', 'fruity_2', 'woody_2', 'woody_3', 'coffee', 'butter', 'fruity']
[6, 6, 6, 6, 6, 6, 6, 6, 6, 6]
[API] [COORDINATOR] row names identified!
[Time: 03.07.23 13:52:58] [Level: info] transition: wait_for_params
[CTRL] GET /data
[Time: 03.07.23 13:52:59] [Level: info] state: wait_for_params
setting parameters
[API] Setting parameters
['red_fruit', 'roasted', 'vanillin', 'woody', 'fruity_2', 'woody_2', 'woody_3', 'coffee', 'butter', 'fruity']
INDEX
[3, 4, 5, 1, 7, 6, 9, 2, 8, 0]
[Time: 03.07.23 13:52:59] [Level: info] transition: aggregate_sums
[Time: 03.07.23 13:53:00] [Level: info] state: aggregate_sums
setting parameters
[{'Sums': array([ 0.00000000e+00, -1.00000000e-02, -1.73472348e-17, -1.00000000e-02,
        1.00000000e-02,  0.00000000e+00,  0.00000000e+00,  1.00000000e-02,
       -1.00000000e-02, -4.16333634e-17]), 'Sample count': 6}]
SUMS
[ 0.00000000e+00 -1.66666667e-03 -2.89120579e-18 -1.66666667e-03
  1.66666667e-03  0.00000000e+00  0.00000000e+00  1.66666667e-03
 -1.66666667e-03 -6.93889390e-18]
[Time: 03.07.23 13:53:00] [Level: info] transition: compute_std
[Time: 03.07.23 13:53:01] [Level: info] state: compute_std
(10, 1)
[Time: 03.07.23 13:53:01] [Level: info] transition: aggregate_stds
[CTRL] GET /data
[Time: 03.07.23 13:53:02] [Level: info] state: aggregate_stds
setting parameters
[0.2704     0.26628333 0.2766     0.34768333 0.40168333 0.2724
 0.4032     0.34488333 0.39488333 0.3388    ]
COMPUTE STD
[0.2704     0.26628333 0.2766     0.34768333 0.40168333 0.2724
 0.4032     0.34488333 0.39488333 0.3388    ]
STD
[0.23255107 0.23077406 0.23520204 0.26369806 0.28343724 0.23340951
 0.28397183 0.26263409 0.28102788 0.26030751]
[1 0 5 2 9 7 3 8 4 6]
['roasted' 'red_fruit' 'woody_2' 'vanillin' 'fruity' 'coffee' 'woody'
 'butter' 'fruity_2' 'woody_3']
(array([], dtype=int64),)
[]
[Time: 03.07.23 13:53:02] [Level: info] transition: apply_scaling
[Time: 03.07.23 13:53:03] [Level: info] state: apply_scaling
std [[0.23255107]
 [0.23077406]
 [0.23520204]
 [0.26369806]
 [0.28343724]
 [0.23340951]
 [0.28397183]
 [0.26263409]
 [0.28102788]
 [0.26030751]]
L2 [[0.52      ]
 [0.51602649]
 [0.52592775]
 [0.58964679]
 [0.63378493]
 [0.52191953]
 [0.63498031]
 [0.58726768]
 [0.62839743]
 [0.58206529]]
[1 0 5 2 9 7 3 8 4 6]
(array([], dtype=int64),)
CURRENT DATA:  <apps.svd.TabData.TabData object at 0x7fe6d0d0c1c0>
[Time: 03.07.23 13:53:03] [Level: info] transition: mfa_prerequisites
[Time: 03.07.23 13:53:04] [Level: info] state: mfa_prerequisites
Calling start_power_iteration
[Time: 03.07.23 13:53:04] [Level: info] transition: start_power_iteration
[CTRL] GET /data
[Time: 03.07.23 13:53:05] [Level: info] state: start_power_iteration
[STARTUP] Computing covariance matrix
[STARTUP] Random initialisation
TABDATA SCALED
[[-0.5         0.          0.25        0.75       -0.25       -0.25      ]
 [ 0.35204911  0.06136636 -0.55875685 -0.55875685  0.35204911  0.35204911]
 [ 0.57042055  0.03802804 -0.5133785  -0.5133785   0.38028037  0.03802804]
 [ 0.57944294 -0.06501067 -0.50595261 -0.50595261  0.35897197  0.13850099]
 [-0.03418615  0.17093075  0.80205968 -0.23930305 -0.23930305 -0.46019818]
 [ 0.53648117 -0.32572071 -0.53648117 -0.32572071  0.32572071  0.32572071]
 [ 0.56694671 -0.18898224 -0.56694671 -0.37796447  0.37796447  0.18898224]
 [ 0.76342245 -0.27528616 -0.47962228 -0.27528616  0.13338608  0.13338608]
 [ 0.30500867 -0.06100173 -0.61797409 -0.42701214  0.30500867  0.49597062]
 [-0.56694671  0.18898224  0.37796447  0.56694671 -0.37796447 -0.18898224]]
[Time: 03.07.23 13:53:05] [Level: info] transition: aggregate_randomized_projections_cov
[Time: 03.07.23 13:53:06] [Level: info] state: aggregate_randomized_projections_cov
6
Global cov
[[ 0.2        -0.18216119 -0.18063318 -0.18400846  0.0426012  -0.16190235
  -0.17008401 -0.15495489 -0.16550036  0.18898224]
 [-0.18216119  0.2         0.18482446  0.18810936 -0.11244974  0.175996
   0.18311292  0.15351921  0.19390237 -0.18311292]
 [-0.18063318  0.18482446  0.2         0.19786425 -0.08208203  0.1745042
   0.19044552  0.17367071  0.1685973  -0.19044552]
 [-0.18400846  0.18810936  0.19786425  0.2        -0.09305808  0.18606122
   0.19614646  0.18171203  0.17751928 -0.19614646]
 [ 0.0426012  -0.11244974 -0.08208203 -0.09305808  0.2        -0.13084038
  -0.1186758  -0.09705319 -0.14311104  0.07931598]
 [-0.16190235  0.175996    0.1745042   0.18606122 -0.13084038  0.2
   0.19552901  0.18661922  0.18300293 -0.18756301]
 [-0.17008401  0.18311292  0.19044552  0.19614646 -0.1186758   0.19552901
   0.2         0.1872871   0.18104356 -0.19285714]
 [-0.15495489  0.15351921  0.17367071  0.18171203 -0.09705319  0.18661922
   0.1872871   0.2         0.15408551 -0.17956392]
 [-0.16550036  0.19390237  0.1685973   0.17751928 -0.14311104  0.18300293
   0.18104356  0.15408551  0.2        -0.17382587]
 [ 0.18898224 -0.18311292 -0.19044552 -0.19614646  0.07931598 -0.18756301
  -0.19285714 -0.17956392 -0.17382587  0.2       ]]
[Time: 03.07.23 13:53:06] [Level: info] transition: compute_final_h_cov
[Time: 03.07.23 13:53:07] [Level: info] state: compute_final_h_cov
Setting k
starting eigenvector norms
6
[Time: 03.07.23 13:53:07] [Level: info] transition: aggregate_local_norm
[CTRL] GET /data
[Time: 03.07.23 13:53:08] [Level: info] state: aggregate_local_norm
[{'Local Eigenvector norm': 8.533993542785844}]
[Time: 03.07.23 13:53:08] [Level: info] transition: compute_local_conorm
[Time: 03.07.23 13:53:09] [Level: info] state: compute_local_conorm
[Time: 03.07.23 13:53:09] [Level: info] transition: aggregate_local_conorm
[Time: 03.07.23 13:53:10] [Level: info] state: aggregate_local_conorm
aggregating co norms
[{'Local Conorms': [-2.8503312759756193e-16]}]
[Time: 03.07.23 13:53:10] [Level: info] transition: compute_local_norm
[CTRL] GET /data
[Time: 03.07.23 13:53:11] [Level: info] state: compute_local_norm
starting orthogonalise_current
ending orthogonalise_current
starting eigenvector norms
6
[Time: 03.07.23 13:53:11] [Level: info] transition: aggregate_local_norm
[Time: 03.07.23 13:53:12] [Level: info] state: aggregate_local_norm
[{'Local Eigenvector norm': 0.9571090864357468}]
[Time: 03.07.23 13:53:12] [Level: info] transition: compute_local_conorm
[Time: 03.07.23 13:53:13] [Level: info] state: compute_local_conorm
[Time: 03.07.23 13:53:13] [Level: info] transition: aggregate_local_conorm
[CTRL] GET /data
[Time: 03.07.23 13:53:14] [Level: info] state: aggregate_local_conorm
aggregating co norms
[{'Local Conorms': [-2.660309190910578e-16, 2.8370665208540985e-16]}]
[Time: 03.07.23 13:53:14] [Level: info] transition: compute_local_norm
[Time: 03.07.23 13:53:15] [Level: info] state: compute_local_norm
starting orthogonalise_current
ending orthogonalise_current
starting eigenvector norms
6
[Time: 03.07.23 13:53:15] [Level: info] transition: aggregate_local_norm
[Time: 03.07.23 13:53:16] [Level: info] state: aggregate_local_norm
[{'Local Eigenvector norm': 0.3563586754821425}]
[Time: 03.07.23 13:53:16] [Level: info] transition: compute_local_conorm
[CTRL] GET /data
[Time: 03.07.23 13:53:17] [Level: info] state: compute_local_conorm
[Time: 03.07.23 13:53:17] [Level: info] transition: aggregate_local_conorm
[Time: 03.07.23 13:53:18] [Level: info] state: aggregate_local_conorm
aggregating co norms
[{'Local Conorms': [-5.700662551951239e-17, -7.234519628177952e-16, -7.235789679791216e-16]}]
[Time: 03.07.23 13:53:18] [Level: info] transition: compute_local_norm
[Time: 03.07.23 13:53:19] [Level: info] state: compute_local_norm
starting orthogonalise_current
ending orthogonalise_current
starting eigenvector norms
6
[Time: 03.07.23 13:53:19] [Level: info] transition: aggregate_local_norm
[CTRL] GET /data
[Time: 03.07.23 13:53:20] [Level: info] state: aggregate_local_norm
[{'Local Eigenvector norm': 0.11239344451522645}]
[Time: 03.07.23 13:53:20] [Level: info] transition: compute_local_conorm
[Time: 03.07.23 13:53:21] [Level: info] state: compute_local_conorm
[Time: 03.07.23 13:53:21] [Level: info] transition: aggregate_local_conorm
[Time: 03.07.23 13:53:22] [Level: info] state: aggregate_local_conorm
aggregating co norms
[{'Local Conorms': [4.037969307632127e-17, 7.801932932348771e-16, 3.4580681602215047e-16, -3.1152458485960965e-14]}]
[Time: 03.07.23 13:53:22] [Level: info] transition: compute_local_norm
[CTRL] GET /data
[Time: 03.07.23 13:53:23] [Level: info] state: compute_local_norm
starting orthogonalise_current
ending orthogonalise_current
starting eigenvector norms
6
[Time: 03.07.23 13:53:23] [Level: info] transition: aggregate_local_norm
[Time: 03.07.23 13:53:24] [Level: info] state: aggregate_local_norm
[{'Local Eigenvector norm': 0.040145250781050607}]
[Time: 03.07.23 13:53:24] [Level: info] transition: compute_local_conorm
[Time: 03.07.23 13:53:25] [Level: info] state: compute_local_conorm
[Time: 03.07.23 13:53:25] [Level: info] transition: aggregate_local_conorm
[CTRL] GET /data
[Time: 03.07.23 13:53:26] [Level: info] state: aggregate_local_conorm
aggregating co norms
[{'Local Conorms': [-3.023149879031112e-16, 6.406501426582626e-16, 1.1704836142130075e-15, -3.231469746567178e-14, 1.697234269477455e-13]}]
[Time: 03.07.23 13:53:26] [Level: info] transition: compute_local_norm
[Time: 03.07.23 13:53:27] [Level: info] state: compute_local_norm
starting orthogonalise_current
ending orthogonalise_current
starting eigenvector norms
6
[Time: 03.07.23 13:53:27] [Level: info] transition: aggregate_local_norm
[Time: 03.07.23 13:53:28] [Level: info] state: aggregate_local_norm
[{'Local Eigenvector norm': 1.8881162741941534e-26}]
[Time: 03.07.23 13:53:28] [Level: info] transition: normalize_g
[CTRL] GET /data
[Time: 03.07.23 13:53:29] [Level: info] state: normalize_g
Normalising
(6, 6)
6
End normalising
(6, 6)
(6, 6)
(6,)
(6, 6)
[Time: 03.07.23 13:53:29] [Level: info] transition: separate_pca
[Time: 03.07.23 13:53:30] [Level: info] state: separate_pca
singular values [2.921299974803314, 0.9783195216470674, 0.5969578506746875, 0.33525131545636994, 0.20036279789684164, 1.374087433242206e-13]
[Time: 03.07.23 13:53:30] [Level: info] Traceback (most recent call last):
  File "/app/engine/app.py", line 169, in guarded_run
    self.run()
  File "/app/engine/app.py", line 184, in run
    transition = self.current_state.run()
  File "/app/apps/svd/app.py", line 580, in run
    raise KeyError('test')
KeyError: 'test'

[CTRL] GET /data
