2023-07-03 10:22:48,595 CRIT Supervisor is running as root.  Privileges were not dropped because no user is specified in the config file.  If you intend to run as root, you can set user=root in the config file to avoid this message.
2023-07-03 10:22:48,626 INFO supervisord started with pid 7
2023-07-03 10:22:49,634 INFO spawned: 'nginx' with pid 10
2023-07-03 10:22:49,643 INFO spawned: 'app' with pid 11
2023-07-03 10:22:50,714 INFO success: nginx entered RUNNING state, process has stayed up for > than 1 seconds (startsecs)
2023-07-03 10:22:50,714 INFO success: app entered RUNNING state, process has stayed up for > than 1 seconds (startsecs)
[CTRL] POST /setup
[Time: 03.07.23 10:22:56] [Level: info] id: f0081db62c5ea103
[Time: 03.07.23 10:22:56] [Level: info] coordinator: True
[Time: 03.07.23 10:22:56] [Level: info] clients: ['f0081db62c5ea103']
[Time: 03.07.23 10:22:56] [Level: info] state: initial
[CLIENT] Parsing parameter file...
[API] /setup parsing parameter file 
[API] /setup config file found ... parsing file: /mnt/input/config.yaml
YAML file does not follow specification: missing key: eigenvalues
Setting default: eigenvalues.tsv
YAML file does not follow specification: missing key: explained_variance
Setting default: eigenvalues.tsv
YAML file does not follow specification: missing key: output delimiter
Setting default: tab
[API] /setup config file found ... parsing done
[CLIENT] finished parsing parameter file.
[STARTUP] Instantiate SVD
[STARTUP] Copy configuration and create dir
[STARTUP] Configuration copied
Log Transform performed
[Time: 03.07.23 10:22:56] [Level: info] transition: check_row_names
[Time: 03.07.23 10:22:57] [Level: info] state: check_row_names
gathering
unifying row names
[{'Row names': array(['fruity', 'woody', 'coffee', 'red_fruit', 'roasted', 'vanillin',
       'woody_2', 'fruity_2', 'butter', 'woody_3'], dtype=object), 'Sample count': 6, 'Nans': array([0, 0, 0, 0, 0, 0, 0, 0, 0, 0])}]
['fruity', 'woody', 'coffee', 'red_fruit', 'roasted', 'vanillin', 'woody_2', 'fruity_2', 'butter', 'woody_3']
['butter', 'fruity', 'woody_3', 'coffee', 'roasted', 'woody_2', 'fruity_2', 'woody', 'vanillin', 'red_fruit']
[6, 6, 6, 6, 6, 6, 6, 6, 6, 6]
[API] [COORDINATOR] row names identified!
[Time: 03.07.23 10:22:57] [Level: info] transition: wait_for_params
[Time: 03.07.23 10:22:58] [Level: info] state: wait_for_params
setting parameters
[API] Setting parameters
['butter', 'fruity', 'woody_3', 'coffee', 'roasted', 'woody_2', 'fruity_2', 'woody', 'vanillin', 'red_fruit']
INDEX
[8, 0, 9, 2, 4, 6, 7, 1, 5, 3]
[Time: 03.07.23 10:22:58] [Level: info] transition: aggregate_sums
[Time: 03.07.23 10:22:59] [Level: info] state: aggregate_sums
setting parameters
[{'Sums': array([1.76798687, 1.69773414, 1.83489101, 1.54250895, 1.49374705,
       1.61832174, 1.54431617, 1.62187814, 1.38834133, 1.33747693]), 'Sample count': 6}]
SUMS
[0.29466448 0.28295569 0.30581517 0.25708482 0.24895784 0.26972029
 0.25738603 0.27031302 0.23139022 0.22291282]
[Time: 03.07.23 10:22:59] [Level: info] transition: compute_std
[CTRL] GET /data
[Time: 03.07.23 10:23:00] [Level: info] state: compute_std
(10, 1)
[Time: 03.07.23 10:23:00] [Level: info] transition: aggregate_stds
[Time: 03.07.23 10:23:01] [Level: info] state: aggregate_stds
setting parameters
[0.10457683 0.06809759 0.07852187 0.13399025 0.07091899 0.02240707
 0.19576091 0.11756655 0.13065532 0.13200543]
COMPUTE STD
[0.10457683 0.06809759 0.07852187 0.13399025 0.07091899 0.02240707
 0.19576091 0.11756655 0.13065532 0.13200543]
STD
[0.14462146 0.11670269 0.1253171  0.1637011  0.11909575 0.06694337
 0.19786911 0.1533405  0.16165106 0.16248411]
[5 1 4 2 0 7 8 9 3]
['woody_2' 'fruity' 'roasted' 'woody_3' 'butter' 'woody' 'vanillin'
 'red_fruit' 'coffee']
(array([], dtype=int64),)
[]
[Time: 03.07.23 10:23:01] [Level: info] transition: apply_scaling
[Time: 03.07.23 10:23:02] [Level: info] state: apply_scaling
[5 1 4 2 0 7 8 9 3]
(array([], dtype=int64),)
[Time: 03.07.23 10:23:02] [Level: info] transition: start_power_iteration
[CTRL] GET /data
[Time: 03.07.23 10:23:03] [Level: info] state: start_power_iteration
[STARTUP] Computing covariance matrix
[STARTUP] Random initialisation
TABDATA SCALED
[[-0.30218824 -1.6462353   1.24753552  0.34686429 -0.30218824  0.65621198]
 [ 1.10083624 -1.13447264  0.03363639  1.10083624  0.03363639 -1.13447264]
 [ 1.09954259 -1.13565061  1.09954259  0.03610802  0.03610802 -1.13565061]
 [ 1.70413072 -0.26242963  0.60512107 -0.26242963 -0.89219627 -0.89219627]
 [-0.08540172 -1.73233301  0.99426908  0.99426908 -0.08540172 -0.08540172]
 [ 1.29099445 -0.64549722  1.29099445 -0.64549722 -0.64549722 -0.64549722]
 [-1.15640527 -0.53988393  1.70396748 -0.28176287 -0.28176287  0.55584745]
 [ 0.99073615 -1.39382284  0.70561006  0.70561006  0.03061177 -1.0387452 ]
 [ 0.91011718 -1.25468447  0.70174782  0.70174782  0.19575613 -1.25468447]
 [ 0.68013364 -1.37190534 -0.28673603  1.5519798  -0.28673603 -0.28673603]]
[Time: 03.07.23 10:23:03] [Level: info] transition: aggregate_randomized_projections_cov
[Time: 03.07.23 10:23:04] [Level: info] state: aggregate_randomized_projections_cov
6
Global cov
[[ 1.          0.24082669  0.43307667  0.05301531  0.88653267  0.36613142
   0.74323075  0.4858617   0.40537031  0.42641045]
 [ 0.24082669  1.          0.77301872  0.57746242  0.61865109  0.43937936
  -0.31069199  0.93036902  0.93027972  0.86391702]
 [ 0.43307667  0.77301872  1.          0.76173621  0.61929346  0.85170203
   0.11271824  0.93086716  0.93089754  0.47237599]
 [ 0.05301531  0.57746242  0.76173621  1.          0.1604395   0.89436937
  -0.19369438  0.63907674  0.61309598  0.28998388]
 [ 0.88653267  0.61865109  0.61929346  0.1604395   1.          0.35200282
   0.48493291  0.76383672  0.71633847  0.72509612]
 [ 0.36613142  0.43937936  0.85170203  0.89436937  0.35200282  1.
   0.21206994  0.65699206  0.62427263  0.15236224]
 [ 0.74323075 -0.31069199  0.11271824 -0.19369438  0.48493291  0.21206994
   1.          0.00486456 -0.02592426 -0.21006191]
 [ 0.4858617   0.93036902  0.93086716  0.63907674  0.76383672  0.65699206
   0.00486456  1.          0.99002088  0.75357258]
 [ 0.40537031  0.93027972  0.93089754  0.61309598  0.71633847  0.62427263
  -0.02592426  0.99002088  1.          0.70636492]
 [ 0.42641045  0.86391702  0.47237599  0.28998388  0.72509612  0.15236224
  -0.21006191  0.75357258  0.70636492  1.        ]]
[Time: 03.07.23 10:23:04] [Level: info] transition: compute_final_h_cov
[Time: 03.07.23 10:23:05] [Level: info] state: compute_final_h_cov
Setting k
starting eigenvector norms
6
[Time: 03.07.23 10:23:05] [Level: info] transition: aggregate_local_norm
[CTRL] GET /data
[Time: 03.07.23 10:23:06] [Level: info] state: aggregate_local_norm
[{'Local Eigenvector norm': 30.299955662158403}]
[Time: 03.07.23 10:23:06] [Level: info] transition: compute_local_conorm
[Time: 03.07.23 10:23:07] [Level: info] state: compute_local_conorm
[Time: 03.07.23 10:23:07] [Level: info] transition: aggregate_local_conorm
[Time: 03.07.23 10:23:08] [Level: info] state: aggregate_local_conorm
aggregating co norms
[{'Local Conorms': [4.0338452088697315e-16]}]
[Time: 03.07.23 10:23:08] [Level: info] transition: compute_local_norm
[CTRL] GET /data
[Time: 03.07.23 10:23:09] [Level: info] state: compute_local_norm
starting orthogonalise_current
ending orthogonalise_current
starting eigenvector norms
6
[Time: 03.07.23 10:23:09] [Level: info] transition: aggregate_local_norm
[Time: 03.07.23 10:23:10] [Level: info] state: aggregate_local_norm
[{'Local Eigenvector norm': 10.591344795763947}]
[Time: 03.07.23 10:23:10] [Level: info] transition: compute_local_conorm
[Time: 03.07.23 10:23:11] [Level: info] state: compute_local_conorm
[Time: 03.07.23 10:23:11] [Level: info] transition: aggregate_local_conorm
[CTRL] GET /data
[Time: 03.07.23 10:23:12] [Level: info] state: aggregate_local_conorm
aggregating co norms
[{'Local Conorms': [8.067690417739462e-17, -5.458265531301283e-16]}]
[Time: 03.07.23 10:23:12] [Level: info] transition: compute_local_norm
[Time: 03.07.23 10:23:13] [Level: info] state: compute_local_norm
starting orthogonalise_current
ending orthogonalise_current
starting eigenvector norms
6
[Time: 03.07.23 10:23:13] [Level: info] transition: aggregate_local_norm
[Time: 03.07.23 10:23:14] [Level: info] state: aggregate_local_norm
[{'Local Eigenvector norm': 7.369827621046741}]
[Time: 03.07.23 10:23:14] [Level: info] transition: compute_local_conorm
[CTRL] GET /data
[Time: 03.07.23 10:23:15] [Level: info] state: compute_local_conorm
[Time: 03.07.23 10:23:15] [Level: info] transition: aggregate_local_conorm
[Time: 03.07.23 10:23:16] [Level: info] state: aggregate_local_conorm
aggregating co norms
[{'Local Conorms': [6.050767813304597e-17, -3.752557552769632e-16, -2.044803449854633e-16]}]
[Time: 03.07.23 10:23:16] [Level: info] transition: compute_local_norm
[Time: 03.07.23 10:23:17] [Level: info] state: compute_local_norm
starting orthogonalise_current
ending orthogonalise_current
starting eigenvector norms
6
[Time: 03.07.23 10:23:17] [Level: info] transition: aggregate_local_norm
[CTRL] GET /data
[Time: 03.07.23 10:23:18] [Level: info] state: aggregate_local_norm
[{'Local Eigenvector norm': 1.4661086834965324}]
[Time: 03.07.23 10:23:18] [Level: info] transition: compute_local_conorm
[Time: 03.07.23 10:23:19] [Level: info] state: compute_local_conorm
[Time: 03.07.23 10:23:19] [Level: info] transition: aggregate_local_conorm
[Time: 03.07.23 10:23:20] [Level: info] state: aggregate_local_conorm
aggregating co norms
[{'Local Conorms': [-1.0689689803504788e-15, -2.3879911699443114e-16, -4.089606899709266e-17, 1.404019852048251e-16]}]
[Time: 03.07.23 10:23:20] [Level: info] transition: compute_local_norm
[CTRL] GET /data
[Time: 03.07.23 10:23:21] [Level: info] state: compute_local_norm
starting orthogonalise_current
ending orthogonalise_current
starting eigenvector norms
6
[Time: 03.07.23 10:23:21] [Level: info] transition: aggregate_local_norm
[Time: 03.07.23 10:23:22] [Level: info] state: aggregate_local_norm
[{'Local Eigenvector norm': 0.27276323753438186}]
[Time: 03.07.23 10:23:22] [Level: info] transition: compute_local_conorm
[Time: 03.07.23 10:23:23] [Level: info] state: compute_local_conorm
[Time: 03.07.23 10:23:23] [Level: info] transition: aggregate_local_conorm
[CTRL] GET /data
[Time: 03.07.23 10:23:24] [Level: info] state: aggregate_local_conorm
aggregating co norms
[{'Local Conorms': [-1.6467847087601226e-16, -1.0101301800983412e-15, 1.2932222598442516e-17, 4.0780009214892245e-15, -3.2671222506823406e-14]}]
[Time: 03.07.23 10:23:24] [Level: info] transition: compute_local_norm
[Time: 03.07.23 10:23:25] [Level: info] state: compute_local_norm
starting orthogonalise_current
ending orthogonalise_current
starting eigenvector norms
6
[Time: 03.07.23 10:23:25] [Level: info] transition: aggregate_local_norm
[Time: 03.07.23 10:23:26] [Level: info] state: aggregate_local_norm
[{'Local Eigenvector norm': 2.501353117942226e-28}]
[Time: 03.07.23 10:23:26] [Level: info] transition: normalize_g
[CTRL] GET /data
[Time: 03.07.23 10:23:27] [Level: info] state: normalize_g
Normalising
(6, 6)
6
End normalising
(6, 6)
(6, 6)
(6,)
(6, 6)
[Time: 03.07.23 10:23:27] [Level: info] transition: save_results
[Time: 03.07.23 10:23:28] [Level: info] state: save_results
SAVING RESULTS
saving pca/mnt/output/pca/left_eigenvectors.tsv
	
MOVE INPUT TO OUTPUT
[Time: 03.07.23 10:23:28] [Level: info] transition: finalize
[Time: 03.07.23 10:23:29] [Level: info] state: finalize
[Time: 03.07.23 10:23:29] [Level: info] transition: terminal
[Time: 03.07.23 10:23:29] [Level: info] done
[CTRL] GET /data
[CTRL] GET /data
[CTRL] GET /data
[CTRL] GET /data
[CTRL] GET /data
